1000 1000
100
857 321
470 975
434 776
696 468
762 803
789 155
24 553
803 547
622 567
985 718
21 110
205 147
70 668
734 489
31 249
489 26
180 285
112 349
960 571
390 592
629 144
587 217
192 276
838 433
60 495
818 142
728 244
533 217
510 594
376 171
609 735
592 60
842 895
175 578
749 158
848 57
111 831
216 979
417 233
96 456
140 970
695 329
462 74
945 329
611 858
549 521
432 556
110 836
810 362
194 983
751 665
479 611
867 283
333 807
669 473
465 826
301 672
825 342
92 651
489 915
955 69
180 416
262 595
833 87
114 412
480 427
198 840
952 590
661 256
317 0
54 511
771 207
904 201
50 31
681 684
561 390
915 548
312 822
603 922
742 435
121 563
344 927
817 633
931 360
73 96
393 527
537 42
153 80
803 138
412 128
465 527
804 383
986 131
342 38
972 774
964 408
916 261
490 137
282 423
453 171
200
368 428
528 985
959 995
209 797
312 442
368 813
695 311
404 176
363 234
437 389
947 308
672 161
963 383
653 613
672 850
710 938
818 260
739 271
960 290
944 496
135 58
573 251
327 103
689 453
583 665
270 120
49 720
462 638
575 722
388 7
660 77
966 416
378 428
364 909
871 446
589 284
77 9
582 428
216 371
580 499
441 315
431 458
311 677
461 999
171 347
115 533
698 98
422 928
489 683
789 267
921 101
774 726
292 950
223 172
619 588
76 505
812 284
868 427
255 287
940 855
959 256
792 701
614 561
280 532
439 878
947 118
786 914
724 895
569 585
73 207
355 605
743 337
273 291
816 747
46 185
173 100
564 966
859 426
511 24
913 887
984 269
892 878
875 352
757 484
741 582
711 802
6 274
600 642
95 602
453 740
895 52
822 873
882 775
715 735
292 744
527 232
962 77
886 249
727 701
380 467
895 931
633 901
129 203
980 676
876 32
506 93
2 5
57 389
239 301
755 581
297 423
239 457
673 331
721 573
547 38
688 755
985 712
809 816
102 55
320 619
736 550
728 799
37 995
849 3
484 967
605 46
764 875
436 890
673 896
502 6
16 889
927 883
458 367
502 863
48 584
962 117
467 686
72 524
99 516
230 457
710 838
363 958
159 72
796 136
393 265
658 146
574 237
108 72
947 167
994 804
689 662
783 340
441 655
740 190
968 492
989 780
751 748
871 752
848 68
405 43
596 882
43 443
820 809
830 752
92 391
97 799
824 597
741 22
393 188
445 536
276 233
762 345
302 982
69 3
364 308
701 618
274 482
309 385
319 880
278 233
211 756
343 775
661 242
962 523
760 249
201 818
960 185
654 590
486 941
721 228
303 892
946 8
721 805
802 375
86 376
102 382
98 566
378 429
198 366
900 69