1890 1507
619 1477
634 508
204 248
1666 1566
981 1041
1337 83
873 1486
1714 1900
742 447
890 184
758 1047
922 722
1696 569
1387 1784
1131 1764
1060 1549
70 504
1092 617
413 23
827 1186
1385 1871
1929 1407
1291 460
111 1209
1051 1871
670 1853
1554 1206
451 263
967 967
915 693
1722 1970
1044 1152
560 586
1183 1682
1578 1703
410 551
1866 1091
310 1379
1907 1346
433 184
346 1227
887 17
197 721
1585 1954
1830 1033
1464 840
1138 1235
1083 444
1563 1565
216 650
579 721
632 525
564 5
960 577
1051 1839
1509 157
207 1176
1486 1473
708 1645
1171 272
379 25
795 781
1363 951
1977 1365
686 403
1418 177
1012 1787
137 456
1940 1107
439 1744
1422 1565
1323 1806
189 256
1112 920
759 1932
1810 479
292 1726
743 1296
486 1113
1486 590
1505 437
314 142
367 1563
17 723
1431 552
1367 643
78 1181
92 1752
1196 1587
1932 1769
1609 500
612 1698
1234 1302
1259 1493
388 611
882 240
1764 532
894 286
478 1072
716 585
1015 328
785 138
1338 375
1413 1715
574 657
1548 1642
1805 1630
1119 1655
1805 1289
1416 1726
1288 1728
1019 1196
827 1066
1466 1652
1309 1841
1444 1713
1969 768
1540 513
971 229
860 861
19 429
1951 681
1047 97
1084 1170
1392 443
437 29
1708 1942
444 749
887 814
485 1977
108 11
1997 1553
709 999
877 1995
1584 746
417 251
696 1257
708 1935
140 465
1053 1309
1404 1968
1572 95
1284 1867
853 296
1903 1832
965 1541
279 19
522 692
1347 1738
1301 1728
932 1873
1478 260
152 1555
676 168
1994 1953
619 204
1369 1404
1180 1796
727 1172
1620 590
646 947
905 1334
926 1734
889 139
383 1671
745 986
295 1166
1470 1186
676 1289
146 878
373 61
1987 389
494 1362
514 1905
1975 1433
1909 1357
618 69
1358 909
694 180
497 623
1495 1416
1022 241
1034 1605
1505 774
1501 464
1260 1446
1133 194
1225 1872
737 1693
408 1093
7 957
1401 1225
552 952
37 1841
1891 1644
1212 328
39 1805
202 1118
1979 349
761 1897
754 1691
7 1315
923 21
1043 744
843 1897
27 1520
1204 826
13 1791
1313 1126
1690 1477
775 1294
1672 589
310 1618
1622 1444
977 1350
472 1987
23 942
1828 524
1881 930
175 1709
1426 335
202 1013
177 1772
190 1550
543 29
282 231
1081 343
906 811
578 509
483 1178
1147 44
1141 912
467 399
578 1698
1442 71
36 1551
566 1930
1114 1226
1182 1974
1542 1617
1460 748
1652 515
499 458
1836 1608
811 1937
753 1012
1610 365
983 1649
1167 48
359 1759
1980 772
850 603
711 1696
527 909
1402 1187
347 837
1478 298
607 1203
1010 378
335 1181
1728 795
1129 1539
272 1174
700 563
769 675
1238 537
1710 1322
1964 1152
1251 1323
1125 1536
701 922
58 209
148 823
365 1620
237 542
1991 1451
1769 430
1274 1481
1312 421
261 754
634 1793
1862 980
944 1076
59 1826
374 1897
1238 1635
314 1519
1049 224
1210 1602
15 1691
1753 1958
596 473
1541 153
576 1517
116 558
128 1183
1701 1433
1120 1212
1814 1861
1928 904
1813 1993
1548 1931
175 72
565 643
713 683
1257 470
172 1789
1509 90
866 1573
57 180
1416 1710
319 882
764 1052
698 1097
1760 1409
1506 1506
1332 965
45 1934
1762 1093
926 725
1522 900
746 1018
1768 1984
920 870
1583 343
56 306
1772 1995
1606 1559
1065 452
1053 1655
1380 1947
617 576
1903 560
961 684
966 126
526 816
1202 937
1536 520
300 631
1722 1779
488 1173
1571 149
387 770
1657 1316
416 1466
1111 35
1247 264
295 1479
1462 1875
1432 1226
470 527
1794 1637
1315 215
1857 988
309 1502
1205 621
1921 1265
363 768
1063 246
669 885
157 66
163 672
473 1865
451 1400
105 126
1534 1578
1538 434
1879 1241
880 856
1483 680
840 1401
928 1951
1799 1445
1516 1593
647 1693
1238 1456
1924 277
1712 1689
1087 889
535 1060
1124 1972
156 145
1373 583
498 923
236 1741
1885 1420
167 417
750 726
1336 1371
873 1474
1164 1306
308 419
1246 918
1264 1724
474 1586
1522 910
32 860
290 1661
1272 1512
