500 500
15
148 46
10 240
447 200
78 349
110 461
111 403
360 384
419 81
488 198
458 495
395 367
163 425
473 483
295 337
163 411
100
68 249
499 442
87 19
45 222
130 197
345 151
28 282
90 109
75 216
441 450
449 238
83 417
243 116
264 282
459 234
204 451
23 114
44 314
341 75
466 444
322 305
237 470
322 140
496 214
206 152
316 103
152 457
400 494
381 181
266 25
417 381
456 233
134 307
425 251
195 213
313 266
52 45
224 37
319 308
31 221
29 142
388 299
42 497
96 259
104 440
219 220
321 257
270 41
48 414
142 103
409 498
39 298
344 10
427 241
398 323
31 265
296 106
219 267
373 401
286 176
156 128
0 395
37 268
150 159
344 55
287 6
395 2
481 303
40 301
96 468
185 156
122 48
316 176
409 194
356 60
480 127
436 346
16 415
111 262
86 295
9 104
369 425
71 403
365 71
111 294
242 6
312 408
9 51
292 237
97 336
457 470
131 188
255 408
492 455
437 207
153 260
222 115
318 431
429 409
394 166
